0,1,2,(2,6)
0,1,4,(1,3)
0,1,5,(1,5)
0,1,5,(3,5)
0,1,5,(4,6)
0,2,4,(1,2)
0,2,4,(2,5)
0,1,(1,2),(5,6)
0,1,(1,5),(3,4)
0,1,(1,6),(4,5)
0,1,(2,3),(3,5)
0,1,(2,5),(3,5)
0,1,(2,5),(4,5)
0,1,(3,4),(4,5)
0,2,(1,2),(4,6)
0,2,(1,4),(3,4)
0,2,(1,5),(2,6)
0,2,(1,6),(2,4)
0,2,(1,6),(3,6)
0,2,(1,6),(5,6)
0,2,(2,4),(3,5)
0,2,(2,5),(4,6)
0,2,(2,6),(4,6)
0,2,(3,6),(5,6)
0,3,(1,2),(2,3)
0,3,(1,3),(1,6)
0,3,(1,4),(3,6)
0,3,(1,5),(3,5)
0,3,(1,6),(3,4)
0,3,(2,3),(4,5)
0,3,(2,5),(3,5)
0,1,2,3,4,(1,6)
0,1,2,3,4,(2,3)
0,1,2,3,4,(2,6)
0,1,2,3,6,(1,3)
0,1,2,3,6,(1,5)
0,1,2,3,6,(2,6)
0,1,2,4,5,(1,2)
0,1,2,4,5,(1,5)
0,1,2,4,5,(2,6)
